:::::::::: Glauber Model :::::::::
Colliding Distance : 0.578122
Au-Au Collision
Sigma : 4.2
Colliding Distance : 0.578122
::::::::::::::::::::::::::::::::::
6.16863,6.1577;10.9863,3.5386;4.81769
-5.50905,-5.51998;10.5129,3.06515;16.0219
-4.46245,-4.47338;5.17025,-2.27746;9.63271
-3.99786,-4.00878;10.4412,2.99352;14.4391
4.49208,4.48115;8.60048,1.15276;4.1084
0.0735412,0.0626139;7.46614,0.0184176;7.39259
-2.98497,-2.9959;4.9677,-2.48002;7.95267
0.399957,0.38903;2.13805,-5.30966;1.7381
0.649404,0.638476;7.63657,0.188856;6.98717
3.22397,3.21304;7.94407,0.496349;4.7201
-2.31237,-2.3233;3.51931,-3.92841;5.83167
3.61246,3.60153;3.47908,-3.96864;-0.133381
1.23497,1.22404;8.58293,1.13522;7.34796
0.701921,0.690994;11.2604,3.81264;10.5584
-0.420544,-0.431471;4.28813,-3.15958;4.70868
-0.501048,-0.511975;3.51315,-3.93456;4.0142
-2.44804,-2.45896;6.81184,-0.63588;9.25987
-2.62622,-2.63715;10.8039,3.35617;13.4301
2.89528,2.88436;4.39585,-3.05187;1.50057
6.02764,6.01672;12.4927,5.04494;6.46501
-6.26212,-6.27305;5.51452,-1.9332;11.7766
-1.22109,-1.23202;5.33211,-2.11561;6.5532
-3.43007,-3.441;6.23866,-1.20905;9.66874
3.03853,3.0276;10.1197,2.67199;7.08118
-0.98313,-0.994058;6.15086,-1.29685;7.134
2.06023,2.0493;10.3104,2.8627;8.25019
0.509596,0.498669;10.4108,2.96304;9.90116
-6.0879,-6.09883;5.14454,-2.30317;11.2324
-2.68834,-2.69926;6.93838,-0.509336;9.62672
3.63173,3.62081;5.39769,-2.05003;1.76595
0.271961,0.261034;7.77433,0.326617;7.50237
-1.3135,-1.32442;1.43506,-6.01266;2.74855
-0.00350659,-0.014434;9.05142,1.6037;9.05492
-0.323727,-0.334655;9.9895,2.54179;10.3132
3.63279,3.62186;12.2135,4.76575;8.58068
-1.58551,-1.59643;10.5167,3.06895;12.1022
-2.02075,-2.03168;6.56641,-0.881305;8.58717
-5.64293,-5.65385;5.24897,-2.19874;10.8919
3.89928,3.88835;8.00002,0.552307;4.10075
-3.78915,-3.80008;7.57912,0.131399;11.3683
-1.5713,-1.58222;8.5678,1.12008;10.1391
4.60912,4.59819;6.10758,-1.34014;1.49845
2.6341,2.62317;10.5078,3.0601;7.87372
-2.70581,-2.71674;6.29231,-1.1554;8.99812
2.89403,2.8831;10.9208,3.47306;8.02675
-0.232325,-0.243252;4.27634,-3.17138;4.50866
-2.36994,-2.38087;8.84777,1.40005;11.2177
5.32829,5.31736;6.37758,-1.07014;1.04929
1.06357,1.05264;8.87983,1.43211;7.81626
-5.84326,-5.85419;5.77997,-1.66775;11.6232
-0.286311,-0.297238;8.32614,0.878424;8.61245
0.432831,0.421903;5.97627,-1.47145;5.54344
3.55365,3.54273;9.0152,1.56749;5.46155
-0.675635,-0.686563;4.53975,-2.90797;5.21538
-0.622867,-0.633794;8.35265,0.904929;8.97551
3.57507,3.56414;3.36473,-4.08299;-0.210345
-3.39441,-3.40534;13.9776,6.5299;17.372
-1.61078,-1.62171;13.458,6.01028;15.0688
-5.69061,-5.70154;7.16249,-0.285223;12.8531
-2.62729,-2.63822;5.48893,-1.95879;8.11622
2.69038,2.67945;8.04729,0.599578;5.35691
1.33751,1.32659;6.36476,-1.08296;5.02725
-1.8565,-1.86743;8.97297,1.52526;10.8295
0.222556,0.211628;9.13024,1.68252;8.90768
2.30368,2.29276;9.32768,1.87996;7.024
-0.370408,-0.381336;9.79121,2.34349;10.1616
1.47579,1.46486;6.58995,-0.857764;5.11416
4.10269,4.09177;3.33015,-4.11757;-0.772547
0.763417,0.75249;3.6202,-3.82752;2.85678
2.86368,2.85275;13.8294,6.38166;10.9657
-0.81192,-0.822848;7.23748,-0.210241;8.0494
5.38677,5.37584;8.53266,1.08494;3.14589
1.41999,1.40906;2.72883,-4.71889;1.30884
5.57242,5.56149;9.50465,2.05693;3.93223
-5.30549,-5.31642;2.69701,-4.75071;8.0025
3.5785,3.56757;7.32954,-0.118172;3.75104
5.23077,5.21984;6.23505,-1.21267;1.00428
-0.793031,-0.803959;6.58764,-0.860077;7.38067
2.79112,2.78019;5.90505,-1.54267;3.11393
-6.54844,-6.55936;7.77642,0.328699;14.3249
-6.53066,-6.54159;11.0991,3.65136;17.6297
-5.01219,-5.02312;8.76751,1.31979;13.7797
3.16289,3.15197;9.1666,1.71888;6.0037
5.11485,5.10392;15.0253,7.57761;9.91048
-5.00568,-5.0166;4.09923,-3.34849;9.10491
3.17263,3.1617;11.4777,4.02996;8.30505
2.86675,2.85583;10.4947,3.04697;7.62793
2.89765,2.88673;6.73008,-0.717641;3.83242
-3.1207,-3.13163;1.81526,-5.63246;4.93596
-3.98243,-3.99336;10.7064,3.25864;14.6888
-2.13967,-2.1506;10.0532,2.6055;12.1929
-3.31905,-3.32997;6.34476,-1.10296;9.6638
1.11133,1.1004;7.80819,0.36047;6.69686
-0.103764,-0.114692;4.99382,-2.45389;5.09759
1.24339,1.23246;7.40685,-0.0408697;6.16346
0.814023,0.803096;7.8773,0.429587;7.06328
-3.39997,-3.4109;2.46721,-4.98051;5.86718
1.89666,1.88573;5.26689,-2.18083;3.37023
3.56032,3.54939;7.88218,0.434465;4.32187
5.5788,5.56787;5.85149,-1.59623;0.272686
-3.07563,-3.08656;5.29806,-2.14966;8.37369
5.53452,5.52359;5.25211,-2.1956;-0.282408
-7.15908,-7.17001;3.98945,-3.45826;11.1485
3.12047,3.10954;4.69691,-2.7508;1.57644
-1.56073,-1.57165;8.03604,0.588326;9.59677
-1.09493,-1.10586;5.83496,-1.61276;6.92989
1.89326,1.88234;10.149,2.70125;8.2557
2.19619,2.18526;9.61549,2.16777;7.4193
0.546056,0.535129;8.97947,1.53175;8.43341
-1.94515,-1.95608;1.95186,-5.49586;3.89701
3.39715,3.38623;8.02349,0.575769;4.62633
-3.48618,-3.49711;1.94484,-5.50288;5.43102
4.95587,4.94495;2.57489,-4.87283;-2.38099
2.80468,2.79375;12.3727,4.92502;9.56806
-0.885925,-0.896852;12.9165,5.46875;13.8024
-4.42734,-4.43826;3.51287,-3.93485;7.9402
1.92946,1.91854;8.32184,0.874125;6.39238
-3.71443,-3.72535;12.9021,5.4544;16.6165
-3.15665,-3.16758;12.0666,4.61892;15.2233
-1.14462,-1.15555;12.0641,4.61643;13.2088
-1.86347,-1.8744;13.963,6.51529;15.8265
-5.86159,-5.87252;4.11642,-3.3313;9.97801
4.17491,4.16399;3.90845,-3.53926;-0.26646
-6.07225,-6.08318;6.21113,-1.23659;12.2834
4.017,4.00607;10.5804,3.13263;6.56335
-5.25889,-5.26982;2.90855,-4.53917;8.16744
4.16006,4.14913;11.4008,3.95306;7.24072
2.47512,2.4642;8.26165,0.81393;5.78652
4.83775,4.82682;7.84264,0.394918;3.00489
1.74583,1.7349;4.02833,-3.41939;2.2825
0.632748,0.621821;3.5219,-3.92582;2.88915
1.74637,1.73544;4.51154,-2.93618;2.76517
-6.45876,-6.46969;8.79511,1.34739;15.2539
-0.218007,-0.228935;9.75121,2.30349;9.96922
-4.99235,-5.00328;3.42196,-4.02576;8.41431
2.33203,2.3211;9.87904,2.43132;7.54701
3.03574,3.02481;5.73163,-1.71608;2.6959
3.87683,3.8659;11.2351,3.78738;7.35827
-2.13067,-2.14159;5.6829,-1.76482;7.81356
-4.33849,-4.34942;8.42722,0.979504;12.7657
-4.46629,-4.47722;7.55113,0.103411;12.0174
-3.53667,-3.5476;3.96804,-3.47968;7.50471
-0.906497,-0.917424;3.52673,-3.92099;4.43323
-3.1212,-3.13213;4.1885,-3.25922;7.3097
-3.0616,-3.07253;4.74753,-2.70019;7.80913
3.12601,3.11508;2.04198,-5.40574;-1.08403
3.01853,3.0076;10.2438,2.79609;7.22528
0.272967,0.26204;9.25927,1.81155;8.9863
-0.742556,-0.753484;4.189,-3.25872;4.93156
-4.3191,-4.33002;2.89184,-4.55588;7.21094
3.18467,3.17374;10.6621,3.2144;7.47745
0.992863,0.981936;6.98899,-0.458729;5.99612
-3.29727,-3.30819;7.65559,0.207875;10.9529
2.14295,2.13202;12.1913,4.74355;10.0483
1.85692,1.846;9.66801,2.22029;7.81109
-1.57862,-1.58955;11.2768,3.82907;12.8554
1.2363,1.22537;9.11362,1.6659;7.87732
-0.925263,-0.93619;7.44645,-0.00127005;8.37171
2.75862,2.74769;7.17547,-0.272244;4.41685
0.00813545,-0.00279192;7.66997,0.222256;7.66184
-4.162,-4.17292;6.45476,-0.992952;10.6168
-2.51413,-2.52506;7.46396,0.0162389;9.97809
-0.65754,-0.668468;6.71534,-0.732379;7.37288
-1.17771,-1.18863;6.58276,-0.864955;7.76047
-3.46938,-3.48031;9.32898,1.88126;12.7984
-3.68394,-3.69487;8.98332,1.5356;12.6673
-1.01696,-1.02789;12.2828,4.83503;13.2997
-1.90353,-1.91446;9.45717,2.00945;11.3607
0.360899,0.349971;8.96929,1.52157;8.60839
-1.25457,-1.26549;12.6947,5.24702;13.9493
2.97177,2.96084;7.22267,-0.225052;4.2509
3.58496,3.57403;6.61145,-0.836267;3.02649
-0.014927,-0.0258544;9.31923,1.87151;9.33416
4.23163,4.22071;4.60826,-2.83945;0.376629
-5.23018,-5.24111;7.06557,-0.382149;12.2957
5.20481,5.19388;11.7741,4.32643;6.56934
1.54125,1.53032;7.18307,-0.264645;5.64182
4.6802,4.66928;10.7555,3.30777;6.07529
1.26799,1.25706;10.0291,2.58134;8.76107
-0.919956,-0.930883;6.42544,-1.02227;7.3454
3.7071,3.69617;4.00997,-3.43775;0.302871
1.89947,1.88855;11.2454,3.79764;9.34588
-0.00113242,-0.0120598;5.0269,-2.42082;5.02803
-2.5814,-2.59233;6.50835,-0.939366;9.08976
2.83931,2.82838;10.3237,2.87597;7.48438
-2.11423,-2.12516;5.35032,-2.09739;7.46456
-1.70826,-1.71918;4.45908,-2.98863;6.16734
2.15799,2.14706;6.25833,-1.18939;4.10034
0.971164,0.960237;9.71179,2.26407;8.74062
4.27188,4.26096;9.05422,1.6065;4.78234
-1.18138,-1.19231;5.4412,-2.00652;6.62258
2.29763,2.2867;9.48503,2.03731;7.1874
4.35092,4.34;6.07589,-1.37183;1.72496
-1.67112,-1.68205;1.27887,-6.16885;2.94999
3.09725,3.08632;6.81949,-0.628226;3.72224
-4.78133,-4.79226;2.99859,-4.44913;7.77992
2.16914,2.15821;6.19998,-1.24774;4.03084
